4.2 -1.384 -1.093 -0.148 -0.068 0.064 10.0
4.4 -1.559 -1.25 -0.27 -0.186 -0.046 10.0
4.6 -1.724 -1.398 -0.387 -0.298 -0.151 10.0
4.8 -1.882 -1.54 -0.498 -0.405 -0.251 10.0
5.0 -2.03 -1.674 -0.606 -0.51 -0.35 10.0
5.024 -2.047 -1.69 -0.619 -0.522 -0.361 10.0
5.2 -2.172 -1.803 -0.71 -0.61 -0.444 10.0
5.4 -2.309 -1.927 -0.81 -0.707 -0.534 10.0
5.6 -2.439 -2.046 -0.907 -0.8 -0.622 10.0
5.8 -2.565 -2.161 -1.001 -0.892 -0.708 10.0
6.0 -2.687 -2.272 -1.092 -0.98 -0.791 10.0
6.2 -2.804 -2.38 -1.18 -1.066 -0.872 10.0
6.4 -2.917 -2.484 -1.266 -1.149 -0.951 10.0
7.0 -3.235 -2.779 -1.512 -1.389 -1.177 10.0
7.183 -3.326 -2.863 -1.583 -1.458 -1.242 10.0
7.828 -3.632 -3.15 -1.824 -1.694 -1.467 10.0
8.0 -3.711 -3.224 -1.887 -1.755 -1.525 10.0
8.11 -3.759 -3.269 -1.926 -1.793 -1.562 10.0
8.756 -4.035 -3.53 -2.15 -2.013 -1.773 10.0
9.0 -4.137 -3.627 -2.233 -2.095 -1.852 10.0
9.13 -4.189 -3.676 -2.276 -2.137 -1.893 10.0
9.693 -4.408 -3.885 -2.46 -2.318 -2.068 10.0
10.0 -4.525 -3.996 -2.558 -2.415 -2.162 10.0
10.143 -4.578 -4.047 -2.603 -2.459 -2.205 10.0
10.65 -4.671 -4.152 -2.75 -2.59 -2.342 10.0
11.0 -4.802 -4.274 -2.867 -2.703 -2.443 10.0
11.293 -4.91 -4.374 -2.964 -2.797 -2.527 10.0
11.682 -5.055 -4.51 -3.096 -2.925 -2.641 10.0
12.0 -5.172 -4.622 -3.201 -3.029 -2.741 10.0
12.103 -5.207 -4.657 -3.231 -3.06 -2.774 10.0
12.478 -5.331 -4.781 -3.342 -3.173 -2.894 10.0
12.851 -5.455 -4.903 -3.453 -3.285 -3.013 10.0
13.331 -5.616 -5.063 -3.603 -3.436 -3.168 10.0
13.773 -5.766 -5.211 -3.745 -3.578 -3.313 10.0
14.0 -5.843 -5.288 -3.82 -3.654 -3.388 10.0
14.005 -5.845 -5.29 -3.822 -3.655 -3.39 10.0
14.455 -5.991 -5.435 -3.965 -3.799 -3.533 10.0
14.95 -6.16 -5.604 -4.137 -3.969 -3.702 10.0
15.433 -6.331 -5.777 -4.316 -4.148 -3.879 10.0
15.865 -6.492 -5.942 -4.488 -4.322 -4.052 10.0
16.0 -6.544 -5.996 -4.546 -4.379 -4.111 10.0
16.06 -6.566 -6.019 -4.569 -4.404 -4.135 10.0
16.415 -6.703 -6.165 -4.719 -4.558 -4.304 10.0
16.758 -6.842 -6.316 -4.876 -4.723 -4.484 10.0
17.079 -6.978 -6.458 -5.007 -4.862 -4.63 10.0
17.271 -7.064 -6.551 -5.111 -4.968 -4.74 10.0
17.459 -7.152 -6.646 -5.218 -5.077 -4.853 10.0
17.706 -7.252 -6.749 -5.31 -5.174 -4.95 10.0
17.97 -7.341 -6.836 -5.395 -5.258 -5.033 10.0
17.998 -7.339 -6.826 -5.37 -5.231 -5.002 10.0
18.0 -7.338 -6.825 -5.366 -5.227 -4.998 10.0
18.004 -7.337 -6.822 -5.359 -5.219 -4.99 10.0
18.013 -7.342 -6.826 -5.386 -5.243 -5.02 10.0
18.017 -7.347 -6.82 -5.369 -5.221 -4.985 10.0
18.019 -7.354 -6.82 -5.361 -5.209 -4.966 10.0
18.02 -7.352 -6.817 -5.358 -5.206 -4.962 10.0
18.024 -7.343 -6.816 -5.363 -5.215 -4.979 10.0
18.025 -7.37 -6.854 -5.412 -5.269 -5.044 10.0
18.026 -7.396 -6.88 -5.409 -5.27 -5.04 10.0
18.027 -7.435 -6.929 -5.482 -5.346 -5.121 10.0
18.028 -7.483 -6.987 -5.591 -5.453 -5.232 10.0
18.029 -7.521 -7.043 -5.672 -5.541 -5.331 10.0
18.03 -7.556 -7.094 -5.752 -5.624 -5.421 10.0
18.031 -7.579 -7.129 -5.812 -5.685 -5.487 10.0
18.031 -7.605 -7.169 -5.882 -5.756 -5.565 10.0
18.032 -7.636 -7.213 -5.959 -5.834 -5.651 10.0
18.033 -7.614 -7.178 -5.872 -5.759 -5.571 10.0
18.033 -7.649 -7.225 -5.928 -5.821 -5.643 10.0
18.034 -7.684 -7.274 -5.986 -5.885 -5.718 10.0
18.034 -7.707 -7.31 -6.047 -5.95 -5.792 10.0
18.035 -7.727 -7.344 -6.111 -6.018 -5.868 10.0
18.035 -7.745 -7.378 -6.179 -6.089 -5.948 10.0
18.036 -7.761 -7.412 -6.249 -6.164 -6.033 10.0
18.036 -7.77 -7.434 -6.298 -6.216 -6.092 10.0
18.037 -7.777 -7.455 -6.349 -6.27 -6.154 10.0
18.037 -7.777 -7.472 -6.402 -6.326 -6.217 10.0
18.038 -7.776 -7.489 -6.458 -6.386 -6.284 10.0
18.038 -7.778 -7.511 -6.515 -6.448 -6.356 10.0
18.038 -7.788 -7.544 -6.571 -6.512 -6.434 10.0
18.039 -7.797 -7.577 -6.631 -6.58 -6.518 10.0
18.039 -7.768 -7.581 -6.712 -6.664 -6.609 10.0
18.04 -7.72 -7.571 -6.808 -6.76 -6.709 10.0
18.04 -7.699 -7.572 -6.856 -6.81 -6.765 10.0
18.04 -7.675 -7.572 -6.906 -6.864 -6.827 10.0
18.041 -7.646 -7.57 -6.96 -6.922 -6.895 10.0
18.041 -7.671 -7.627 -6.985 -6.97 -6.977 10.0
18.041 -7.6 -7.6 -7.06 -7.051 -7.07 10.0
18.042 -7.498 -7.547 -7.147 -7.144 -7.177 10.0
18.042 -7.345 -7.449 -7.247 -7.252 -7.301 10.0
18.043 -7.105 -7.287 -7.362 -7.376 -7.446 10.0
18.043 -6.76 -7.101 -7.434 -7.489 -7.619 10.0
18.044 -6.074 -6.753 -7.474 -7.578 -7.793 10.0
18.044 -5.341 -6.462 -7.295 -7.544 -7.954 10.0
18.045 -4.98 -6.33 -7.12 -7.49 -8.023 10.0
18.045 -4.764 -6.246 -6.997 -7.448 -8.057 10.0
18.045 -4.436 -6.096 -6.829 -7.388 -8.093 10.0
18.045 -3.998 -5.865 -6.603 -7.298 -8.123 10.0
18.045 -3.384 -5.478 -6.328 -7.185 -8.137 10.0
18.046 -2.708 -5.041 -6.027 -7.037 -8.114 10.0
18.046 -1.895 -4.503 -5.691 -6.852 -8.051 10.0
18.046 -0.358 -3.831 -5.271 -6.632 -7.953 10.0
18.046 0.807 -3.085 -4.84 -6.378 -7.843 10.0
18.047 1.765 -1.97 -4.176 -5.916 -7.621 10.0
18.048 1.92 -1.697 -4.019 -5.81 -7.6 10.0
18.048 2.022 -1.453 -3.881 -5.727 -7.625 10.0
18.048 2.025 -1.329 -3.838 -5.728 -7.741 10.0
18.048 2.03 -1.263 -3.796 -5.702 -7.804 10.0
18.049 2.039 -1.176 -3.719 -5.637 -7.896 10.0
18.069 1.996 -1.139 -3.639 -5.551 -8.076 10.0
18.1 1.997 -1.164 -3.696 -5.621 -8.017 10.0
18.15 1.992 -1.211 -3.764 -5.691 -7.957 10.0
18.279 1.91 -1.351 -3.92 -5.849 -7.973 10.0
18.331 1.716 -1.596 -4.185 -6.12 -8.135 10.0
18.34 -0.043 -3.873 -5.586 -7.098 -8.512 10.0
18.344 -4.815 -6.466 -7.242 -7.785 -8.472 10.0
18.346 -5.398 -6.701 -7.543 -7.873 -8.37 10.0
18.347 -5.601 -6.777 -7.643 -7.906 -8.334 10.0
18.347 -5.708 -6.817 -7.685 -7.92 -8.313 10.0
18.348 -5.841 -6.866 -7.733 -7.933 -8.284 10.0
18.348 -5.907 -6.89 -7.755 -7.938 -8.268 10.0
18.348 -5.99 -6.92 -7.78 -7.943 -8.248 10.0
18.348 -6.117 -6.971 -7.801 -7.943 -8.217 10.0
18.349 -6.3 -7.046 -7.819 -7.936 -8.17 10.0
18.349 -6.522 -7.146 -7.816 -7.917 -8.118 10.0
18.349 -6.748 -7.26 -7.791 -7.884 -8.068 10.0
18.349 -6.925 -7.349 -7.772 -7.853 -8.016 10.0
18.35 -7.041 -7.401 -7.77 -7.825 -7.957 10.0
18.35 -7.202 -7.495 -7.72 -7.774 -7.899 10.0
18.351 -7.317 -7.558 -7.686 -7.729 -7.838 10.0
18.351 -7.38 -7.576 -7.675 -7.694 -7.771 10.0
18.352 -7.475 -7.632 -7.628 -7.64 -7.704 10.0
18.353 -7.56 -7.687 -7.577 -7.585 -7.641 10.0
18.353 -7.631 -7.733 -7.526 -7.531 -7.579 10.0
18.354 -7.691 -7.771 -7.475 -7.476 -7.518 10.0
18.355 -7.742 -7.799 -7.425 -7.423 -7.458 10.0
18.356 -7.78 -7.818 -7.381 -7.377 -7.406 10.0
18.357 -7.807 -7.829 -7.347 -7.34 -7.365 10.0
18.359 -7.827 -7.835 -7.316 -7.308 -7.329 10.0
18.36 -7.843 -7.84 -7.292 -7.282 -7.3 10.0
18.362 -7.853 -7.841 -7.272 -7.261 -7.276 10.0
18.366 -7.864 -7.841 -7.246 -7.234 -7.247 10.0
18.457 -7.747 -7.79 -7.368 -7.364 -7.394 10.0
18.671 -7.284 -7.517 -7.638 -7.678 -7.781 10.0
18.68 -7.264 -7.509 -7.642 -7.687 -7.797 10.0
18.761 -6.931 -7.325 -7.729 -7.796 -7.941 10.0
18.813 -6.654 -7.189 -7.753 -7.847 -8.032 10.0
18.855 -6.36 -7.046 -7.774 -7.882 -8.098 10.0
18.878 -6.193 -6.973 -7.764 -7.89 -8.137 10.0
18.892 -6.074 -6.924 -7.751 -7.892 -8.165 10.0
18.905 -5.967 -6.881 -7.733 -7.893 -8.191 10.0
18.916 -5.89 -6.854 -7.713 -7.89 -8.212 10.0
18.918 -5.867 -6.846 -7.707 -7.889 -8.218 10.0
18.933 -5.756 -6.808 -7.672 -7.884 -8.249 10.0
18.945 -5.666 -6.777 -7.642 -7.879 -8.274 10.0
18.954 -5.594 -6.753 -7.616 -7.873 -8.294 10.0
18.965 -5.502 -6.723 -7.577 -7.865 -8.318 10.0
18.974 -5.425 -6.697 -7.542 -7.857 -8.338 10.0
18.983 -5.345 -6.669 -7.505 -7.849 -8.358 10.0
18.991 -5.251 -6.637 -7.463 -7.84 -8.379 10.0
19.0 -5.166 -6.607 -7.418 -7.829 -8.399 10.0
19.006 -5.105 -6.584 -7.383 -7.82 -8.414 10.0
19.012 -5.03 -6.555 -7.345 -7.809 -8.429 10.0
19.018 -4.954 -6.524 -7.306 -7.799 -8.444 10.0
19.024 -4.868 -6.486 -7.264 -7.788 -8.458 10.0
19.03 -4.779 -6.447 -7.222 -7.776 -8.473 10.0
19.035 -4.68 -6.399 -7.171 -7.759 -8.487 10.0
19.041 -4.577 -6.349 -7.117 -7.741 -8.502 10.0
19.047 -4.468 -6.293 -7.066 -7.724 -8.514 10.0
19.049 -4.422 -6.269 -7.045 -7.717 -8.519 10.0
19.06 -4.15 -6.117 -6.917 -7.673 -8.544 10.0
19.072 -3.716 -5.851 -6.731 -7.603 -8.568 10.0
19.081 -3.191 -5.515 -6.51 -7.512 -8.578 10.0
19.091 -2.429 -4.993 -6.195 -7.361 -8.554 10.0
19.1 -1.93 -4.72 -6.029 -7.271 -8.517 10.0
19.107 -1.613 -4.6 -5.971 -7.261 -8.534 10.0
19.114 -1.279 -4.458 -5.899 -7.236 -8.535 10.0
19.122 -0.927 -4.315 -5.823 -7.207 -8.534 10.0
19.129 -0.565 -4.175 -5.747 -7.177 -8.532 10.0
19.136 -0.246 -4.022 -5.666 -7.142 -8.527 10.0
19.143 -0.031 -3.866 -5.587 -7.103 -8.519 10.0
19.149 0.176 -3.706 -5.507 -7.061 -8.511 10.0
19.155 0.379 -3.54 -5.424 -7.017 -8.502 10.0
19.16 0.558 -3.361 -5.333 -6.968 -8.491 10.0
19.162 0.647 -3.266 -5.285 -6.942 -8.484 10.0
19.165 0.737 -3.168 -5.236 -6.914 -8.478 10.0
19.167 0.812 -3.063 -5.182 -6.883 -8.47 10.0
19.17 0.891 -2.953 -5.125 -6.849 -8.461 10.0
19.172 0.975 -2.837 -5.064 -6.814 -8.452 10.0
19.174 1.051 -2.718 -4.999 -6.773 -8.441 10.0
19.176 1.13 -2.589 -4.929 -6.729 -8.43 10.0
19.178 1.209 -2.452 -4.851 -6.679 -8.416 10.0
19.18 1.283 -2.307 -4.764 -6.62 -8.4 10.0
19.182 1.352 -2.165 -4.671 -6.552 -8.381 10.0
19.183 1.384 -2.096 -4.621 -6.514 -8.37 10.0
19.184 1.427 -2.006 -4.556 -6.463 -8.356 10.0
19.185 1.471 -1.913 -4.488 -6.41 -8.341 10.0
19.186 1.517 -1.823 -4.416 -6.353 -8.326 10.0
19.186 1.554 -1.751 -4.36 -6.309 -8.316 10.0
19.187 1.604 -1.653 -4.285 -6.252 -8.301 10.0
19.188 1.657 -1.564 -4.195 -6.167 -8.279 10.0
19.189 1.702 -1.493 -4.118 -6.091 -8.259 10.0
19.19 1.736 -1.44 -4.061 -6.034 -8.242 10.0
19.191 1.775 -1.388 -3.995 -5.963 -8.22 10.0
19.192 1.815 -1.34 -3.93 -5.89 -8.196 10.0
19.194 1.848 -1.303 -3.881 -5.835 -8.17 10.0
19.195 1.89 -1.256 -3.818 -5.763 -8.139 10.0
19.197 1.908 -1.228 -3.778 -5.72 -8.139 10.0
19.198 1.912 -1.215 -3.753 -5.69 -8.154 10.0
19.201 1.914 -1.208 -3.734 -5.665 -8.169 10.0
19.21 1.915 -1.202 -3.721 -5.648 -8.179 10.0
19.233 1.914 -1.177 -3.642 -5.549 -8.245 10.0
19.237 1.917 -1.17 -3.609 -5.503 -8.264 10.0
19.242 1.919 -1.159 -3.528 -5.389 -8.315 10.0
19.247 1.919 -1.152 -3.468 -5.304 -8.354 10.0
19.25 1.924 -1.147 -3.413 -5.223 -8.373 10.0
19.254 1.933 -1.14 -3.307 -5.068 -8.41 10.0
19.258 1.938 -1.15 -3.215 -4.923 -8.432 10.0
4.2 -1.424 -1.14 -0.209 -0.13 -0.001 20.0
4.4 -1.606 -1.304 -0.337 -0.254 -0.118 20.0
4.6 -1.779 -1.46 -0.461 -0.373 -0.23 20.0
4.608 -1.785 -1.466 -0.466 -0.378 -0.234 20.0
4.8 -1.943 -1.608 -0.579 -0.488 -0.337 20.0
5.0 -2.1 -1.75 -0.694 -0.599 -0.442 20.0
5.2 -2.25 -1.887 -0.806 -0.708 -0.544 20.0
5.293 -2.318 -1.949 -0.857 -0.757 -0.591 20.0
5.4 -2.395 -2.02 -0.915 -0.813 -0.644 20.0
5.592 -2.529 -2.143 -1.016 -0.912 -0.737 20.0
5.6 -2.535 -2.148 -1.021 -0.916 -0.741 20.0
5.77 -2.65 -2.254 -1.109 -1.001 -0.822 20.0
5.8 -2.67 -2.273 -1.125 -1.017 -0.836 20.0
5.943 -2.764 -2.36 -1.197 -1.087 -0.903 20.0
6.0 -2.802 -2.394 -1.226 -1.115 -0.93 20.0
6.195 -2.927 -2.511 -1.325 -1.212 -1.022 20.0
6.2 -2.931 -2.514 -1.328 -1.214 -1.024 20.0
6.4 -3.056 -2.631 -1.427 -1.311 -1.116 20.0
6.482 -3.106 -2.678 -1.467 -1.35 -1.154 20.0
6.786 -3.29 -2.85 -1.615 -1.495 -1.292 20.0
7.0 -3.417 -2.968 -1.718 -1.596 -1.388 20.0
7.107 -3.478 -3.026 -1.768 -1.645 -1.436 20.0
7.409 -3.648 -3.188 -1.909 -1.784 -1.57 20.0
7.685 -3.804 -3.336 -2.041 -1.913 -1.695 20.0
7.908 -3.93 -3.457 -2.149 -2.02 -1.799 20.0
8.0 -3.982 -3.507 -2.194 -2.065 -1.842 20.0
8.035 -4.001 -3.525 -2.211 -2.081 -1.858 20.0
8.274 -4.132 -3.651 -2.326 -2.195 -1.969 20.0
8.521 -4.268 -3.783 -2.447 -2.315 -2.087 20.0
8.726 -4.382 -3.895 -2.55 -2.417 -2.188 20.0
8.916 -4.491 -4.002 -2.651 -2.518 -2.288 20.0
9.0 -4.539 -4.05 -2.696 -2.563 -2.332 20.0
9.045 -4.565 -4.074 -2.719 -2.586 -2.356 20.0
9.307 -4.714 -4.222 -2.861 -2.727 -2.497 20.0
9.546 -4.852 -4.361 -2.996 -2.863 -2.632 20.0
9.746 -4.974 -4.483 -3.118 -2.985 -2.756 20.0
9.931 -5.09 -4.601 -3.239 -3.106 -2.878 20.0
10.0 -5.134 -4.647 -3.285 -3.153 -2.926 20.0
10.1 -5.196 -4.71 -3.35 -3.218 -2.992 20.0
10.307 -5.33 -4.848 -3.496 -3.366 -3.142 20.0
10.5 -5.463 -4.988 -3.649 -3.52 -3.301 20.0
10.665 -5.581 -5.113 -3.789 -3.661 -3.447 20.0
10.812 -5.693 -5.234 -3.924 -3.799 -3.59 20.0
10.944 -5.801 -5.35 -4.053 -3.931 -3.727 20.0
11.0 -5.847 -5.399 -4.106 -3.985 -3.783 20.0
11.042 -5.881 -5.434 -4.145 -4.024 -3.824 20.0
11.05 -5.887 -5.44 -4.151 -4.031 -3.831 20.0
11.121 -5.93 -5.469 -4.149 -4.025 -3.817 20.0
11.134 -5.936 -5.467 -4.128 -4.002 -3.788 20.0
11.14 -5.941 -5.463 -4.102 -3.973 -3.754 20.0
11.144 -5.956 -5.467 -4.082 -3.95 -3.725 20.0
11.145 -5.972 -5.475 -4.073 -3.939 -3.709 20.0
11.146 -5.979 -5.479 -4.069 -3.934 -3.702 20.0
11.147 -5.945 -5.451 -4.055 -3.922 -3.694 20.0
11.148 -5.922 -5.439 -4.071 -3.941 -3.719 20.0
11.148 -5.933 -5.464 -4.124 -3.997 -3.784 20.0
11.149 -5.963 -5.506 -4.193 -4.07 -3.864 20.0
11.149 -6.008 -5.568 -4.287 -4.169 -3.973 20.0
11.15 -6.053 -5.629 -4.383 -4.269 -4.084 20.0
11.15 -6.086 -5.677 -4.459 -4.349 -4.171 20.0
11.151 -6.117 -5.722 -4.533 -4.427 -4.258 20.0
11.151 -6.144 -5.765 -4.605 -4.502 -4.342 20.0
11.151 -6.174 -5.814 -4.693 -4.595 -4.446 20.0
11.152 -6.202 -5.863 -4.778 -4.685 -4.548 20.0
11.152 -6.221 -5.9 -4.843 -4.756 -4.628 20.0
11.152 -6.235 -5.933 -4.908 -4.825 -4.706 20.0
11.152 -6.247 -5.963 -4.971 -4.893 -4.783 20.0
11.153 -6.254 -5.991 -5.032 -4.959 -4.859 20.0
11.153 -6.257 -6.014 -5.092 -5.024 -4.933 20.0
11.153 -6.257 -6.036 -5.152 -5.088 -5.007 20.0
11.153 -6.25 -6.053 -5.209 -5.15 -5.079 20.0
11.154 -6.241 -6.067 -5.266 -5.212 -5.15 20.0
11.154 -6.228 -6.08 -5.322 -5.272 -5.22 20.0
11.154 -6.207 -6.084 -5.377 -5.332 -5.289 20.0
11.154 -6.177 -6.081 -5.431 -5.39 -5.355 20.0
11.154 -6.144 -6.082 -5.49 -5.457 -5.437 20.0
11.155 -6.104 -6.076 -5.545 -5.521 -5.516 20.0
11.155 -6.058 -6.057 -5.59 -5.572 -5.577 20.0
11.155 -6.004 -6.032 -5.634 -5.621 -5.637 20.0
11.155 -5.944 -5.998 -5.676 -5.669 -5.695 20.0
11.155 -5.857 -5.945 -5.727 -5.726 -5.765 20.0
11.155 -5.777 -5.893 -5.765 -5.77 -5.819 20.0
11.155 -5.687 -5.833 -5.802 -5.812 -5.872 20.0
11.156 -5.585 -5.767 -5.838 -5.853 -5.922 20.0
11.156 -5.448 -5.683 -5.876 -5.899 -5.982 20.0
11.156 -5.331 -5.618 -5.898 -5.93 -6.029 20.0
11.156 -5.197 -5.543 -5.92 -5.96 -6.074 20.0
11.156 -5.047 -5.463 -5.933 -5.984 -6.116 20.0
11.156 -4.883 -5.378 -5.936 -6.0 -6.156 20.0
11.156 -4.715 -5.295 -5.927 -6.009 -6.193 20.0
11.156 -4.55 -5.219 -5.905 -6.01 -6.228 20.0
11.156 -4.388 -5.15 -5.869 -6.002 -6.26 20.0
11.156 -4.235 -5.088 -5.824 -5.989 -6.291 20.0
11.156 -4.05 -5.018 -5.749 -5.963 -6.328 20.0
11.157 -3.9 -4.964 -5.675 -5.937 -6.357 20.0
11.157 -3.749 -4.909 -5.592 -5.907 -6.383 20.0
11.157 -3.535 -4.828 -5.478 -5.864 -6.412 20.0
11.157 -3.359 -4.759 -5.379 -5.824 -6.431 20.0
11.157 -3.15 -4.666 -5.271 -5.78 -6.449 20.0
11.157 -2.893 -4.537 -5.146 -5.73 -6.466 20.0
11.157 -2.628 -4.394 -5.011 -5.672 -6.477 20.0
11.157 -2.354 -4.232 -4.881 -5.615 -6.478 20.0
11.157 -1.982 -3.986 -4.726 -5.549 -6.48 20.0
11.157 -1.673 -3.78 -4.585 -5.48 -6.469 20.0
11.157 -1.33 -3.55 -4.436 -5.405 -6.453 20.0
11.157 -0.961 -3.3 -4.282 -5.324 -6.429 20.0
11.157 -0.568 -3.035 -4.124 -5.237 -6.399 20.0
11.157 -0.131 -2.759 -3.963 -5.145 -6.36 20.0
11.157 0.394 -2.58 -3.822 -5.058 -6.312 20.0
11.157 0.94 -2.403 -3.671 -4.96 -6.254 20.0
11.157 1.481 -2.14 -3.48 -4.832 -6.179 20.0
11.157 1.821 -1.898 -3.325 -4.721 -6.111 20.0
11.158 2.18 -1.619 -3.143 -4.587 -6.028 20.0
11.158 2.585 -1.253 -2.906 -4.41 -5.921 20.0
11.158 2.686 -1.153 -2.849 -4.371 -5.906 20.0
11.158 2.862 -0.965 -2.776 -4.347 -5.939 20.0
11.158 2.97 -0.825 -2.744 -4.361 -6.008 20.0
11.158 3.022 -0.73 -2.742 -4.396 -6.098 20.0
11.158 3.054 -0.654 -2.75 -4.438 -6.186 20.0
11.158 3.058 -0.596 -2.759 -4.476 -6.274 20.0
11.158 3.058 -0.581 -2.762 -4.487 -6.297 20.0
11.158 3.057 -0.543 -2.771 -4.515 -6.358 20.0
11.158 3.051 -0.512 -2.781 -4.543 -6.422 20.0
11.158 3.048 -0.503 -2.783 -4.55 -6.44 20.0
11.158 3.033 -0.467 -2.788 -4.575 -6.514 20.0
11.158 3.015 -0.425 -2.794 -4.604 -6.598 20.0
11.158 3.001 -0.403 -2.793 -4.614 -6.661 20.0
11.158 2.983 -0.378 -2.791 -4.623 -6.733 20.0
11.158 2.968 -0.356 -2.787 -4.629 -6.797 20.0
11.159 2.953 -0.341 -2.773 -4.617 -6.862 20.0
11.16 2.928 -0.319 -2.749 -4.596 -6.965 20.0
11.164 2.913 -0.312 -2.728 -4.566 -7.036 20.0
11.173 2.911 -0.318 -2.74 -4.582 -7.024 20.0
11.207 2.912 -0.344 -2.779 -4.628 -6.965 20.0
11.234 2.92 -0.372 -2.812 -4.661 -6.896 20.0
11.259 2.928 -0.403 -2.837 -4.682 -6.831 20.0
11.285 2.93 -0.443 -2.859 -4.694 -6.775 20.0
11.326 2.918 -0.5 -2.897 -4.724 -6.729 20.0
11.413 2.865 -0.633 -2.978 -4.78 -6.701 20.0
11.434 2.85 -0.661 -2.999 -4.797 -6.703 20.0
11.513 2.783 -0.749 -3.081 -4.878 -6.757 20.0
11.53 2.746 -0.798 -3.125 -4.919 -6.785 20.0
11.532 2.703 -0.861 -3.176 -4.965 -6.813 20.0
11.533 2.654 -0.941 -3.235 -5.014 -6.836 20.0
11.533 2.612 -1.013 -3.285 -5.053 -6.85 20.0
11.534 2.58 -1.07 -3.323 -5.083 -6.859 20.0
11.534 2.534 -1.146 -3.37 -5.116 -6.869 20.0
11.534 2.488 -1.222 -3.415 -5.148 -6.878 20.0
11.534 2.443 -1.296 -3.459 -5.178 -6.887 20.0
11.534 2.397 -1.369 -3.502 -5.208 -6.895 20.0
11.534 2.346 -1.443 -3.545 -5.237 -6.903 20.0
11.534 2.291 -1.519 -3.586 -5.263 -6.911 20.0
11.534 2.222 -1.612 -3.638 -5.297 -6.92 20.0
11.534 2.154 -1.706 -3.689 -5.33 -6.929 20.0
11.535 2.075 -1.8 -3.739 -5.361 -6.938 20.0
11.535 2.009 -1.875 -3.779 -5.385 -6.945 20.0
11.535 1.943 -1.948 -3.818 -5.408 -6.951 20.0
11.535 1.876 -2.021 -3.856 -5.432 -6.958 20.0
11.535 1.803 -2.093 -3.894 -5.454 -6.964 20.0
11.535 1.704 -2.182 -3.94 -5.481 -6.971 20.0
11.535 1.606 -2.271 -3.986 -5.507 -6.978 20.0
11.536 1.509 -2.359 -4.031 -5.533 -6.985 20.0
11.536 1.399 -2.443 -4.075 -5.558 -6.991 20.0
11.536 1.288 -2.524 -4.117 -5.581 -6.997 20.0
11.536 1.178 -2.605 -4.159 -5.604 -7.003 20.0
11.537 1.067 -2.683 -4.2 -5.626 -7.008 20.0
11.537 0.974 -2.743 -4.231 -5.643 -7.012 20.0
11.538 0.884 -2.801 -4.261 -5.658 -7.015 20.0
11.538 0.798 -2.856 -4.29 -5.673 -7.018 20.0
11.539 0.71 -2.904 -4.316 -5.687 -7.021 20.0
11.545 0.645 -2.93 -4.333 -5.695 -7.024 20.0
11.574 1.031 -2.711 -4.221 -5.645 -7.023 20.0
11.587 1.224 -2.576 -4.154 -5.61 -7.019 20.0
11.597 1.392 -2.454 -4.093 -5.579 -7.015 20.0
11.603 1.506 -2.365 -4.05 -5.558 -7.014 20.0
11.609 1.621 -2.261 -3.999 -5.531 -7.011 20.0
11.614 1.726 -2.167 -3.953 -5.507 -7.008 20.0
11.618 1.822 -2.079 -3.91 -5.484 -7.005 20.0
11.623 1.919 -1.971 -3.856 -5.453 -7.001 20.0
11.626 1.991 -1.889 -3.814 -5.43 -6.997 20.0
11.629 2.059 -1.809 -3.774 -5.407 -6.993 20.0
11.632 2.133 -1.713 -3.724 -5.377 -6.988 20.0
11.634 2.186 -1.64 -3.685 -5.353 -6.983 20.0
11.636 2.238 -1.569 -3.647 -5.33 -6.978 20.0
11.638 2.301 -1.482 -3.601 -5.301 -6.972 20.0
11.639 2.345 -1.416 -3.564 -5.276 -6.966 20.0
11.64 2.384 -1.352 -3.526 -5.251 -6.96 20.0
11.642 2.422 -1.289 -3.49 -5.226 -6.954 20.0
11.643 2.46 -1.226 -3.453 -5.201 -6.948 20.0
11.643 2.496 -1.165 -3.417 -5.177 -6.941 20.0
11.644 2.53 -1.107 -3.381 -5.15 -6.934 20.0
11.645 2.56 -1.051 -3.344 -5.123 -6.927 20.0
11.646 2.59 -0.997 -3.308 -5.095 -6.92 20.0
11.646 2.619 -0.943 -3.272 -5.067 -6.912 20.0
11.647 2.648 -0.889 -3.236 -5.04 -6.905 20.0
11.647 2.677 -0.837 -3.2 -5.012 -6.897 20.0
11.648 2.703 -0.791 -3.164 -4.98 -6.887 20.0
11.649 2.731 -0.745 -3.127 -4.948 -6.877 20.0
11.649 2.757 -0.7 -3.09 -4.915 -6.865 20.0
11.651 2.784 -0.66 -3.056 -4.883 -6.85 20.0
11.652 2.81 -0.621 -3.021 -4.851 -6.833 20.0
11.654 2.832 -0.579 -2.99 -4.825 -6.83 20.0
11.655 2.835 -0.564 -2.98 -4.817 -6.84 20.0
11.671 2.838 -0.512 -2.949 -4.795 -6.899 20.0
11.679 2.835 -0.464 -2.918 -4.776 -6.968 20.0
11.679 2.828 -0.446 -2.897 -4.755 -7.019 20.0
11.682 2.816 -0.42 -2.866 -4.724 -7.094 20.0
11.683 2.812 -0.409 -2.848 -4.702 -7.13 20.0
11.684 2.811 -0.402 -2.831 -4.678 -7.157 20.0
11.685 2.808 -0.39 -2.799 -4.633 -7.207 20.0
11.686 2.802 -0.378 -2.757 -4.578 -7.26 20.0
11.687 2.804 -0.369 -2.692 -4.485 -7.309 20.0
11.689 2.803 -0.362 -2.627 -4.391 -7.361 20.0
11.69 2.808 -0.357 -2.563 -4.298 -7.394 20.0
11.694 2.816 -0.352 -2.456 -4.141 -7.44 20.0
11.704 2.823 -0.355 -2.34 -3.973 -7.48 20.0
11.717 2.793 -0.376 -2.383 -4.028 -7.51 20.0
4.2 -1.467 -1.188 -0.266 -0.188 -0.061 30.0
4.4 -1.656 -1.359 -0.401 -0.319 -0.185 30.0
4.481 -1.73 -1.426 -0.455 -0.371 -0.234 30.0
4.6 -1.836 -1.522 -0.532 -0.445 -0.304 30.0
4.719 -1.939 -1.615 -0.608 -0.519 -0.374 30.0
4.8 -2.007 -1.678 -0.659 -0.568 -0.42 30.0
4.961 -2.141 -1.8 -0.759 -0.666 -0.512 30.0
5.0 -2.174 -1.83 -0.783 -0.689 -0.535 30.0
5.138 -2.284 -1.931 -0.868 -0.771 -0.613 30.0
5.2 -2.334 -1.977 -0.906 -0.809 -0.648 30.0
5.4 -2.49 -2.121 -1.028 -0.927 -0.761 30.0
5.47 -2.544 -2.171 -1.07 -0.968 -0.8 30.0
5.6 -2.642 -2.262 -1.147 -1.043 -0.872 30.0
5.8 -2.791 -2.4 -1.266 -1.159 -0.983 30.0
6.0 -2.936 -2.537 -1.384 -1.274 -1.093 30.0
6.048 -2.971 -2.569 -1.412 -1.302 -1.12 30.0
6.2 -3.08 -2.671 -1.501 -1.389 -1.204 30.0
6.4 -3.222 -2.806 -1.621 -1.507 -1.317 30.0
6.516 -3.304 -2.884 -1.69 -1.575 -1.384 30.0
6.7 -3.433 -3.008 -1.802 -1.685 -1.491 30.0
6.87 -3.553 -3.122 -1.907 -1.789 -1.592 30.0
7.0 -3.645 -3.211 -1.989 -1.869 -1.671 30.0
7.029 -3.665 -3.23 -2.006 -1.887 -1.688 30.0
7.183 -3.773 -3.335 -2.104 -1.983 -1.783 30.0
7.394 -3.926 -3.486 -2.247 -2.126 -1.924 30.0
7.569 -4.056 -3.614 -2.37 -2.249 -2.046 30.0
7.743 -4.187 -3.745 -2.498 -2.377 -2.175 30.0
7.9 -4.312 -3.871 -2.624 -2.503 -2.302 30.0
8.0 -4.393 -3.953 -2.709 -2.588 -2.388 30.0
8.144 -4.509 -4.072 -2.832 -2.712 -2.514 30.0
8.311 -4.649 -4.218 -2.989 -2.87 -2.675 30.0
8.446 -4.77 -4.347 -3.131 -3.014 -2.824 30.0
8.567 -4.882 -4.468 -3.267 -3.152 -2.967 30.0
8.675 -4.991 -4.587 -3.404 -3.292 -3.112 30.0
8.772 -5.095 -4.7 -3.531 -3.421 -3.247 30.0
8.819 -5.147 -4.753 -3.587 -3.478 -3.306 30.0
8.865 -5.192 -4.784 -3.589 -3.476 -3.296 30.0
8.878 -5.206 -4.785 -3.563 -3.447 -3.259 30.0
8.883 -5.219 -4.784 -3.535 -3.415 -3.219 30.0
8.885 -5.24 -4.793 -3.518 -3.396 -3.193 30.0
8.886 -5.264 -4.807 -3.512 -3.387 -3.179 30.0
8.886 -5.268 -4.809 -3.51 -3.385 -3.175 30.0
8.887 -5.218 -4.768 -3.49 -3.367 -3.163 30.0
8.887 -5.19 -4.751 -3.495 -3.375 -3.176 30.0
8.887 -5.191 -4.767 -3.54 -3.423 -3.233 30.0
8.888 -5.213 -4.803 -3.603 -3.49 -3.309 30.0
8.888 -5.249 -4.853 -3.681 -3.572 -3.399 30.0
8.888 -5.289 -4.909 -3.765 -3.66 -3.496 30.0
8.889 -5.329 -4.965 -3.85 -3.748 -3.593 30.0
8.889 -5.364 -5.017 -3.932 -3.834 -3.688 30.0
8.889 -5.394 -5.064 -4.01 -3.918 -3.78 30.0
8.89 -5.419 -5.107 -4.086 -3.997 -3.868 30.0
8.89 -5.438 -5.145 -4.159 -4.074 -3.954 30.0
8.89 -5.454 -5.181 -4.229 -4.148 -4.038 30.0
8.89 -5.465 -5.213 -4.295 -4.22 -4.119 30.0
8.891 -5.474 -5.249 -4.376 -4.307 -4.218 30.0
8.891 -5.475 -5.272 -4.439 -4.375 -4.295 30.0
8.891 -5.469 -5.29 -4.499 -4.44 -4.37 30.0
8.891 -5.461 -5.306 -4.558 -4.504 -4.444 30.0
8.891 -5.446 -5.316 -4.615 -4.566 -4.515 30.0
8.892 -5.424 -5.321 -4.671 -4.626 -4.585 30.0
8.892 -5.396 -5.319 -4.724 -4.685 -4.654 30.0
8.892 -5.36 -5.31 -4.776 -4.741 -4.719 30.0
8.892 -5.316 -5.294 -4.825 -4.795 -4.783 30.0
8.892 -5.268 -5.272 -4.871 -4.847 -4.845 30.0
8.892 -5.213 -5.244 -4.914 -4.896 -4.905 30.0
8.893 -5.151 -5.207 -4.956 -4.943 -4.963 30.0
8.893 -5.079 -5.163 -4.995 -4.989 -5.019 30.0
8.893 -4.999 -5.113 -5.033 -5.032 -5.073 30.0
8.893 -4.908 -5.055 -5.069 -5.074 -5.126 30.0
8.893 -4.807 -4.992 -5.102 -5.113 -5.177 30.0
8.893 -4.695 -4.926 -5.132 -5.15 -5.227 30.0
8.893 -4.57 -4.856 -5.157 -5.183 -5.274 30.0
8.893 -4.435 -4.783 -5.177 -5.211 -5.319 30.0
8.893 -4.284 -4.704 -5.186 -5.233 -5.362 30.0
8.894 -4.128 -4.626 -5.182 -5.246 -5.402 30.0
8.894 -3.97 -4.55 -5.165 -5.251 -5.44 30.0
8.894 -3.773 -4.464 -5.127 -5.246 -5.483 30.0
8.894 -3.622 -4.402 -5.084 -5.235 -5.515 30.0
8.894 -3.439 -4.333 -5.012 -5.211 -5.554 30.0
8.894 -3.294 -4.282 -4.94 -5.185 -5.583 30.0
8.894 -3.108 -4.215 -4.839 -5.149 -5.617 30.0
8.894 -2.943 -4.153 -4.749 -5.113 -5.639 30.0
8.894 -2.751 -4.079 -4.652 -5.075 -5.661 30.0
8.894 -2.559 -3.999 -4.546 -5.031 -5.678 30.0
8.894 -2.309 -3.879 -4.428 -4.984 -5.697 30.0
8.894 -2.03 -3.731 -4.291 -4.926 -5.711 30.0
8.894 -1.75 -3.569 -4.16 -4.869 -5.716 30.0
8.894 -1.43 -3.368 -4.021 -4.806 -5.716 30.0
8.895 -1.103 -3.154 -3.878 -4.739 -5.71 30.0
8.895 -0.755 -2.924 -3.729 -4.664 -5.696 30.0
8.895 -0.38 -2.676 -3.576 -4.584 -5.675 30.0
8.895 0.018 -2.413 -3.422 -4.5 -5.647 30.0
8.895 0.446 -2.135 -3.262 -4.409 -5.611 30.0
8.895 0.965 -1.945 -3.117 -4.321 -5.562 30.0
8.895 1.495 -1.767 -2.962 -4.218 -5.5 30.0
8.895 1.964 -1.564 -2.796 -4.103 -5.427 30.0
8.895 2.352 -1.295 -2.619 -3.974 -5.346 30.0
8.895 2.726 -1.016 -2.438 -3.842 -5.267 30.0
8.895 2.84 -0.924 -2.381 -3.8 -5.245 30.0
8.895 3.049 -0.767 -2.319 -3.781 -5.272 30.0
8.895 3.249 -0.588 -2.266 -3.783 -5.335 30.0
8.895 3.337 -0.483 -2.261 -3.82 -5.421 30.0
8.895 3.395 -0.401 -2.266 -3.861 -5.504 30.0
8.895 3.428 -0.336 -2.276 -3.901 -5.586 30.0
8.895 3.441 -0.307 -2.282 -3.921 -5.626 30.0
8.895 3.451 -0.28 -2.292 -3.946 -5.671 30.0
8.895 3.461 -0.23 -2.308 -3.988 -5.756 30.0
8.895 3.461 -0.219 -2.312 -3.999 -5.778 30.0
8.896 3.459 -0.17 -2.329 -4.044 -5.869 30.0
8.896 3.452 -0.116 -2.345 -4.088 -5.971 30.0
8.896 3.443 -0.081 -2.354 -4.116 -6.05 30.0
8.897 3.427 -0.036 -2.361 -4.146 -6.143 30.0
8.897 3.409 -0.011 -2.362 -4.158 -6.221 30.0
8.898 3.395 0.005 -2.363 -4.166 -6.275 30.0
8.899 3.382 0.018 -2.364 -4.175 -6.321 30.0
8.901 3.366 0.027 -2.363 -4.178 -6.375 30.0
8.914 3.37 0.007 -2.377 -4.19 -6.335 30.0
8.934 3.38 -0.03 -2.391 -4.191 -6.264 30.0
8.949 3.391 -0.064 -2.399 -4.19 -6.193 30.0
8.962 3.399 -0.109 -2.404 -4.176 -6.124 30.0
8.976 3.4 -0.154 -2.406 -4.159 -6.056 30.0
8.99 3.396 -0.198 -2.41 -4.148 -6.001 30.0
9.0 3.388 -0.236 -2.414 -4.137 -5.963 30.0
9.029 3.353 -0.33 -2.442 -4.137 -5.91 30.0
9.065 3.271 -0.46 -2.511 -4.181 -5.906 30.0
9.08 2.949 -0.869 -2.783 -4.396 -6.018 30.0
9.113 -2.409 -4.23 -4.868 -5.561 -6.391 30.0
9.116 -3.921 -4.871 -5.613 -5.815 -6.168 30.0
9.118 -4.223 -4.979 -5.701 -5.831 -6.087 30.0
9.119 -4.32 -5.019 -5.721 -5.834 -6.064 30.0
9.119 -4.355 -5.034 -5.727 -5.834 -6.056 30.0
9.119 -4.383 -5.046 -5.732 -5.834 -6.049 30.0
9.119 -4.404 -5.054 -5.735 -5.834 -6.044 30.0
9.12 -4.423 -5.063 -5.737 -5.833 -6.039 30.0
9.12 -4.441 -5.071 -5.738 -5.832 -6.034 30.0
9.12 -4.459 -5.079 -5.74 -5.831 -6.029 30.0
9.12 -4.477 -5.087 -5.741 -5.83 -6.025 30.0
9.12 -4.495 -5.095 -5.742 -5.829 -6.02 30.0
9.12 -4.513 -5.103 -5.743 -5.828 -6.015 30.0
9.12 -4.532 -5.112 -5.745 -5.826 -6.01 30.0
9.12 -4.557 -5.123 -5.746 -5.824 -6.003 30.0
9.121 -4.577 -5.133 -5.746 -5.822 -5.998 30.0
9.121 -4.598 -5.143 -5.746 -5.82 -5.992 30.0
9.121 -4.617 -5.152 -5.746 -5.818 -5.986 30.0
9.121 -4.641 -5.163 -5.746 -5.816 -5.98 30.0
9.121 -4.667 -5.175 -5.746 -5.813 -5.973 30.0
9.122 -4.688 -5.185 -5.746 -5.811 -5.967 30.0
9.122 -4.712 -5.197 -5.745 -5.807 -5.96 30.0
9.122 -4.737 -5.209 -5.744 -5.804 -5.953 30.0
9.122 -4.764 -5.223 -5.742 -5.8 -5.945 30.0
9.123 -4.803 -5.242 -5.741 -5.795 -5.934 30.0
9.124 -4.837 -5.259 -5.738 -5.79 -5.924 30.0
9.124 -4.89 -5.287 -5.733 -5.781 -5.908 30.0
9.126 -4.95 -5.318 -5.728 -5.771 -5.891 30.0
9.127 -5.028 -5.36 -5.716 -5.755 -5.866 30.0
9.13 -5.135 -5.42 -5.697 -5.729 -5.829 30.0
9.134 -5.234 -5.475 -5.679 -5.703 -5.789 30.0
9.138 -5.339 -5.537 -5.653 -5.67 -5.744 30.0
9.143 -5.435 -5.6 -5.623 -5.636 -5.701 30.0
9.151 -5.526 -5.661 -5.594 -5.603 -5.659 30.0
9.161 -5.586 -5.703 -5.577 -5.582 -5.633 30.0
9.173 -5.541 -5.678 -5.613 -5.621 -5.678 30.0
9.182 -5.491 -5.647 -5.644 -5.656 -5.719 30.0
9.188 -5.419 -5.603 -5.68 -5.695 -5.765 30.0
9.194 -5.348 -5.562 -5.711 -5.73 -5.808 30.0
9.2 -5.274 -5.523 -5.736 -5.763 -5.853 30.0
9.204 -5.198 -5.484 -5.759 -5.792 -5.893 30.0
9.209 -5.108 -5.436 -5.782 -5.821 -5.933 30.0
9.213 -5.005 -5.383 -5.804 -5.849 -5.973 30.0
9.217 -4.886 -5.323 -5.819 -5.874 -6.012 30.0
9.221 -4.753 -5.259 -5.828 -5.894 -6.053 30.0
9.224 -4.614 -5.193 -5.828 -5.909 -6.092 30.0
9.228 -4.442 -5.118 -5.814 -5.919 -6.139 30.0
9.231 -4.31 -5.065 -5.792 -5.921 -6.174 30.0
9.233 -4.185 -5.018 -5.764 -5.918 -6.207 30.0
9.235 -4.066 -4.976 -5.728 -5.911 -6.239 30.0
9.237 -3.95 -4.937 -5.683 -5.9 -6.27 30.0
9.239 -3.838 -4.901 -5.631 -5.887 -6.3 30.0
9.24 -3.727 -4.865 -5.576 -5.872 -6.328 30.0
9.241 -3.613 -4.827 -5.517 -5.854 -6.353 30.0
9.242 -3.49 -4.784 -5.456 -5.836 -6.377 30.0
9.244 -3.336 -4.729 -5.377 -5.81 -6.405 30.0
9.244 -3.211 -4.679 -5.312 -5.788 -6.424 30.0
9.245 -3.074 -4.619 -5.246 -5.766 -6.442 30.0
9.246 -2.921 -4.546 -5.177 -5.743 -6.46 30.0
9.246 -2.771 -4.471 -5.101 -5.715 -6.475 30.0
9.247 -2.624 -4.394 -5.03 -5.688 -6.488 30.0
9.247 -2.484 -4.317 -4.965 -5.663 -6.497 30.0
9.248 -2.34 -4.231 -4.902 -5.638 -6.503 30.0
9.248 -2.145 -4.106 -4.824 -5.609 -6.511 30.0
9.249 -1.849 -3.908 -4.707 -5.565 -6.52 30.0
9.249 -1.643 -3.772 -4.614 -5.523 -6.518 30.0
9.25 -1.273 -3.524 -4.459 -5.45 -6.509 30.0
9.251 -0.78 -3.197 -4.254 -5.34 -6.477 30.0
9.252 -0.321 -2.895 -4.072 -5.236 -6.436 30.0
9.253 0.52 -2.577 -3.852 -5.113 -6.382 30.0
9.263 3.242 -0.404 -2.582 -4.305 -6.109 30.0
9.269 3.297 -0.24 -2.523 -4.29 -6.2 30.0
9.269 3.299 -0.226 -2.518 -4.29 -6.212 30.0
9.269 3.298 -0.215 -2.516 -4.291 -6.225 30.0
9.271 3.298 -0.176 -2.507 -4.297 -6.27 30.0
9.272 3.293 -0.138 -2.497 -4.3 -6.326 30.0
9.273 3.283 -0.111 -2.49 -4.302 -6.386 30.0
9.274 3.267 -0.074 -2.479 -4.305 -6.471 30.0
9.275 3.25 -0.052 -2.457 -4.283 -6.554 30.0
9.277 3.233 -0.032 -2.435 -4.262 -6.633 30.0
9.278 3.226 -0.016 -2.398 -4.212 -6.705 30.0
9.28 3.221 -0.002 -2.361 -4.16 -6.77 30.0
9.282 3.221 0.009 -2.311 -4.088 -6.824 30.0
9.283 3.222 0.018 -2.251 -4.002 -6.871 30.0
9.286 3.224 0.025 -2.167 -3.881 -6.93 30.0
9.293 3.228 0.026 -2.08 -3.752 -6.977 30.0
9.302 3.23 0.026 -2.004 -3.639 -7.017 30.0
9.316 3.25 0.028 -1.888 -3.475 -7.029 30.0
9.335 3.229 0.019 -1.96 -3.574 -7.034 30.0
9.339 3.215 0.013 -2.039 -3.685 -7.024 30.0
9.34 3.213 0.012 -2.059 -3.714 -7.016 30.0
4.012 -1.318 -1.061 -0.185 -0.112 0.006 40.0
4.2 -1.511 -1.237 -0.323 -0.246 -0.121 40.0
4.381 -1.69 -1.399 -0.453 -0.372 -0.24 40.0
4.4 -1.708 -1.415 -0.467 -0.385 -0.253 40.0
4.567 -1.866 -1.56 -0.584 -0.499 -0.361 40.0
4.6 -1.896 -1.588 -0.607 -0.521 -0.382 40.0
4.8 -2.079 -1.755 -0.746 -0.657 -0.511 40.0
4.867 -2.138 -1.81 -0.792 -0.702 -0.554 40.0
5.0 -2.256 -1.919 -0.884 -0.791 -0.639 40.0
5.125 -2.365 -2.019 -0.969 -0.874 -0.719 40.0
5.2 -2.429 -2.078 -1.02 -0.924 -0.766 40.0
5.374 -2.574 -2.214 -1.137 -1.038 -0.876 40.0
5.4 -2.597 -2.235 -1.156 -1.056 -0.894 40.0
5.6 -2.763 -2.391 -1.293 -1.19 -1.023 40.0
5.653 -2.806 -2.433 -1.329 -1.226 -1.058 40.0
5.8 -2.929 -2.549 -1.434 -1.329 -1.158 40.0
5.974 -3.074 -2.687 -1.559 -1.452 -1.277 40.0
6.0 -3.096 -2.708 -1.578 -1.471 -1.296 40.0
6.144 -3.214 -2.822 -1.683 -1.574 -1.397 40.0
6.2 -3.261 -2.867 -1.725 -1.616 -1.438 40.0
6.266 -3.316 -2.92 -1.774 -1.664 -1.486 40.0
6.4 -3.43 -3.032 -1.88 -1.77 -1.59 40.0
6.455 -3.477 -3.078 -1.923 -1.813 -1.633 40.0
6.6 -3.602 -3.201 -2.043 -1.932 -1.751 40.0
6.744 -3.728 -3.328 -2.167 -2.055 -1.875 40.0
6.874 -3.848 -3.449 -2.289 -2.178 -1.998 40.0
6.983 -3.953 -3.555 -2.399 -2.289 -2.111 40.0
7.0 -3.97 -3.573 -2.417 -2.307 -2.13 40.0
7.12 -4.083 -3.691 -2.542 -2.432 -2.257 40.0
7.241 -4.205 -3.819 -2.682 -2.574 -2.403 40.0
7.34 -4.31 -3.932 -2.809 -2.703 -2.536 40.0
7.435 -4.413 -4.045 -2.938 -2.834 -2.672 40.0
7.517 -4.508 -4.15 -3.061 -2.959 -2.802 40.0
7.597 -4.61 -4.261 -3.186 -3.086 -2.935 40.0
7.626 -4.647 -4.299 -3.226 -3.128 -2.977 40.0
7.653 -4.682 -4.326 -3.237 -3.136 -2.981 40.0
7.671 -4.708 -4.337 -3.221 -3.117 -2.955 40.0
7.677 -4.722 -4.338 -3.195 -3.088 -2.918 40.0
7.68 -4.739 -4.341 -3.173 -3.062 -2.886 40.0
7.681 -4.761 -4.351 -3.16 -3.046 -2.864 40.0
7.682 -4.787 -4.367 -3.154 -3.038 -2.85 40.0
7.682 -4.789 -4.368 -3.153 -3.037 -2.848 40.0
7.683 -4.747 -4.334 -3.136 -3.022 -2.838 40.0
7.683 -4.715 -4.312 -3.136 -3.024 -2.845 40.0
7.683 -4.701 -4.31 -3.158 -3.049 -2.876 40.0
7.684 -4.711 -4.336 -3.213 -3.108 -2.944 40.0
7.684 -4.744 -4.386 -3.292 -3.191 -3.036 40.0
7.684 -4.785 -4.443 -3.378 -3.281 -3.134 40.0
7.684 -4.824 -4.499 -3.465 -3.372 -3.234 40.0
7.685 -4.859 -4.552 -3.549 -3.461 -3.331 40.0
7.685 -4.887 -4.599 -3.629 -3.545 -3.425 40.0
7.685 -4.909 -4.641 -3.706 -3.626 -3.514 40.0
7.685 -4.924 -4.676 -3.778 -3.702 -3.599 40.0
7.686 -4.934 -4.708 -3.848 -3.776 -3.682 40.0
7.686 -4.939 -4.735 -3.914 -3.847 -3.762 40.0
7.686 -4.937 -4.762 -3.993 -3.932 -3.859 40.0
7.686 -4.932 -4.78 -4.053 -3.997 -3.934 40.0
7.687 -4.92 -4.792 -4.111 -4.06 -4.006 40.0
7.687 -4.9 -4.797 -4.167 -4.121 -4.077 40.0
7.687 -4.873 -4.796 -4.221 -4.18 -4.145 40.0
7.687 -4.839 -4.788 -4.272 -4.236 -4.21 40.0
7.687 -4.797 -4.772 -4.322 -4.29 -4.274 40.0
7.687 -4.748 -4.749 -4.369 -4.342 -4.335 40.0
7.688 -4.692 -4.718 -4.413 -4.391 -4.394 40.0
7.688 -4.628 -4.679 -4.455 -4.438 -4.451 40.0
7.688 -4.558 -4.636 -4.494 -4.482 -4.506 40.0
7.688 -4.481 -4.588 -4.53 -4.524 -4.559 40.0
7.688 -4.393 -4.534 -4.564 -4.564 -4.61 40.0
7.688 -4.296 -4.476 -4.595 -4.602 -4.66 40.0
7.688 -4.189 -4.415 -4.622 -4.637 -4.709 40.0
7.689 -4.071 -4.35 -4.644 -4.668 -4.755 40.0
7.689 -3.941 -4.281 -4.661 -4.695 -4.8 40.0
7.689 -3.798 -4.206 -4.667 -4.714 -4.842 40.0
7.689 -3.646 -4.13 -4.661 -4.726 -4.881 40.0
7.689 -3.492 -4.056 -4.644 -4.731 -4.917 40.0
7.689 -3.34 -3.988 -4.614 -4.727 -4.951 40.0
7.689 -3.192 -3.927 -4.572 -4.715 -4.982 40.0
7.689 -3.049 -3.873 -4.52 -4.698 -5.013 40.0
7.689 -2.878 -3.812 -4.435 -4.669 -5.05 40.0
7.689 -2.735 -3.762 -4.356 -4.64 -5.077 40.0
7.689 -2.585 -3.708 -4.274 -4.608 -5.1 40.0
7.69 -2.423 -3.646 -4.187 -4.572 -5.12 40.0
7.69 -2.233 -3.572 -4.09 -4.532 -5.14 40.0
7.69 -2.036 -3.486 -3.986 -4.488 -5.156 40.0
7.69 -1.782 -3.361 -3.865 -4.439 -5.172 40.0
7.69 -1.444 -3.176 -3.704 -4.37 -5.185 40.0
7.69 -1.157 -3.004 -3.577 -4.314 -5.188 40.0
7.69 -0.836 -2.803 -3.442 -4.251 -5.185 40.0
7.69 -0.517 -2.596 -3.303 -4.182 -5.175 40.0
7.69 -0.175 -2.371 -3.162 -4.11 -5.159 40.0
7.69 0.191 -2.132 -3.018 -4.033 -5.137 40.0
7.69 0.585 -1.876 -2.87 -3.95 -5.107 40.0
7.69 1.028 -1.628 -2.718 -3.86 -5.066 40.0
7.69 1.516 -1.448 -2.574 -3.767 -5.011 40.0
7.69 2.033 -1.259 -2.402 -3.647 -4.93 40.0
7.69 2.45 -1.047 -2.232 -3.523 -4.847 40.0
7.69 2.833 -0.784 -2.064 -3.404 -4.779 40.0
7.69 2.962 -0.694 -2.012 -3.37 -4.765 40.0
7.691 3.184 -0.544 -1.948 -3.347 -4.785 40.0
7.691 3.398 -0.4 -1.923 -3.375 -4.87 40.0
7.691 3.519 -0.303 -1.927 -3.421 -4.963 40.0
7.691 3.591 -0.234 -1.942 -3.471 -5.053 40.0
7.691 3.64 -0.172 -1.956 -3.518 -5.136 40.0
7.691 3.652 -0.156 -1.959 -3.528 -5.156 40.0
7.691 3.674 -0.115 -1.972 -3.563 -5.217 40.0
7.691 3.69 -0.077 -1.986 -3.598 -5.281 40.0
7.691 3.694 -0.067 -1.989 -3.607 -5.297 40.0
7.691 3.708 -0.029 -2.005 -3.644 -5.364 40.0
7.691 3.718 0.015 -2.021 -3.685 -5.442 40.0
7.691 3.72 0.057 -2.035 -3.721 -5.518 40.0
7.692 3.719 0.114 -2.051 -3.767 -5.617 40.0
7.693 3.707 0.15 -2.067 -3.804 -5.71 40.0
7.693 3.691 0.182 -2.085 -3.842 -5.8 40.0
7.694 3.676 0.202 -2.099 -3.869 -5.87 40.0
7.697 3.661 0.213 -2.105 -3.883 -5.926 40.0
7.705 3.663 0.195 -2.111 -3.884 -5.895 40.0
7.718 3.668 0.159 -2.112 -3.871 -5.828 40.0
7.729 3.674 0.125 -2.107 -3.851 -5.764 40.0
7.738 3.678 0.093 -2.101 -3.83 -5.7 40.0
7.748 3.678 0.047 -2.093 -3.799 -5.625 40.0
7.756 3.673 0.002 -2.087 -3.772 -5.56 40.0
7.769 3.66 -0.058 -2.084 -3.744 -5.485 40.0
7.783 3.621 -0.132 -2.088 -3.719 -5.419 40.0
7.808 3.531 -0.266 -2.13 -3.725 -5.367 40.0
7.821 3.463 -0.347 -2.168 -3.745 -5.362 40.0
7.833 3.341 -0.486 -2.261 -3.818 -5.405 40.0
7.844 3.039 -0.8 -2.478 -3.993 -5.519 40.0
7.847 2.833 -1.0 -2.611 -4.095 -5.582 40.0
7.849 2.483 -1.304 -2.797 -4.227 -5.654 40.0
7.849 2.347 -1.403 -2.859 -4.27 -5.677 40.0
7.849 2.11 -1.57 -2.951 -4.326 -5.697 40.0
7.85 1.799 -1.771 -3.062 -4.39 -5.718 40.0
7.85 1.51 -1.89 -3.143 -4.436 -5.735 40.0
7.85 1.235 -1.967 -3.209 -4.472 -5.75 40.0
7.85 0.963 -2.045 -3.272 -4.508 -5.764 40.0
7.85 0.67 -2.136 -3.341 -4.544 -5.777 40.0
7.85 0.38 -2.232 -3.408 -4.578 -5.788 40.0
7.851 0.13 -2.383 -3.488 -4.618 -5.797 40.0
7.851 -0.095 -2.528 -3.567 -4.656 -5.804 40.0
7.851 -0.331 -2.683 -3.655 -4.7 -5.813 40.0
7.852 -0.565 -2.837 -3.744 -4.743 -5.82 40.0
7.852 -0.793 -2.988 -3.835 -4.787 -5.827 40.0
7.852 -1.016 -3.135 -3.927 -4.831 -5.832 40.0
7.853 -1.229 -3.276 -4.02 -4.876 -5.837 40.0
7.854 -1.466 -3.433 -4.124 -4.924 -5.842 40.0
7.855 -1.889 -3.699 -4.304 -5.001 -5.837 40.0
7.856 -2.493 -4.016 -4.589 -5.111 -5.793 40.0
7.857 -2.976 -4.206 -4.827 -5.193 -5.72 40.0
7.859 -3.295 -4.312 -4.99 -5.242 -5.648 40.0
7.861 -3.508 -4.383 -5.087 -5.269 -5.594 40.0
7.863 -3.69 -4.451 -5.143 -5.284 -5.55 40.0
7.865 -3.863 -4.522 -5.184 -5.291 -5.511 40.0
7.868 -4.038 -4.601 -5.21 -5.29 -5.47 40.0
7.87 -4.204 -4.682 -5.22 -5.28 -5.43 40.0
7.873 -4.348 -4.755 -5.221 -5.266 -5.392 40.0
7.877 -4.513 -4.841 -5.209 -5.24 -5.343 40.0
7.882 -4.63 -4.907 -5.192 -5.217 -5.307 40.0
7.889 -4.723 -4.962 -5.179 -5.198 -5.279 40.0
7.894 -4.707 -4.956 -5.189 -5.21 -5.293 40.0
7.903 -4.629 -4.917 -5.222 -5.248 -5.341 40.0
7.911 -4.559 -4.884 -5.246 -5.277 -5.379 40.0
7.921 -4.44 -4.829 -5.276 -5.318 -5.44 40.0
7.93 -4.313 -4.772 -5.293 -5.349 -5.492 40.0
7.936 -4.2 -4.721 -5.299 -5.369 -5.534 40.0
7.94 -4.108 -4.68 -5.299 -5.381 -5.564 40.0
7.944 -3.998 -4.634 -5.291 -5.39 -5.598 40.0
7.947 -3.899 -4.595 -5.277 -5.393 -5.628 40.0
7.949 -3.825 -4.567 -5.263 -5.394 -5.649 40.0
7.952 -3.73 -4.531 -5.241 -5.393 -5.676 40.0
7.954 -3.648 -4.503 -5.217 -5.389 -5.7 40.0
7.955 -3.567 -4.476 -5.187 -5.382 -5.723 40.0
7.957 -3.489 -4.451 -5.154 -5.374 -5.745 40.0
7.958 -3.412 -4.426 -5.119 -5.365 -5.766 40.0
7.959 -3.376 -4.427 -5.114 -5.378 -5.799 40.0
7.959 -3.443 -4.467 -5.165 -5.413 -5.816 40.0
7.959 -3.499 -4.489 -5.195 -5.426 -5.811 40.0
7.96 -3.561 -4.512 -5.225 -5.438 -5.799 40.0
7.96 -3.619 -4.532 -5.249 -5.444 -5.785 40.0
7.96 -3.673 -4.549 -5.27 -5.448 -5.768 40.0
7.96 -3.728 -4.566 -5.284 -5.449 -5.75 40.0
7.96 -3.78 -4.582 -5.296 -5.447 -5.73 40.0
7.96 -3.832 -4.599 -5.304 -5.443 -5.709 40.0
7.96 -3.881 -4.613 -5.31 -5.437 -5.687 40.0
7.96 -3.936 -4.628 -5.311 -5.426 -5.658 40.0
7.961 -3.944 -4.621 -5.297 -5.408 -5.634 40.0
7.963 -3.844 -4.583 -5.28 -5.411 -5.664 40.0
7.967 -3.704 -4.534 -5.247 -5.409 -5.706 40.0
7.97 -3.562 -4.486 -5.197 -5.399 -5.748 40.0
7.973 -3.417 -4.44 -5.134 -5.384 -5.788 40.0
7.976 -3.283 -4.398 -5.067 -5.366 -5.825 40.0
7.977 -3.167 -4.36 -5.008 -5.349 -5.85 40.0
7.979 -3.001 -4.302 -4.927 -5.324 -5.882 40.0
7.981 -2.836 -4.242 -4.841 -5.294 -5.91 40.0
7.982 -2.668 -4.171 -4.759 -5.266 -5.933 40.0
7.983 -2.456 -4.071 -4.664 -5.234 -5.958 40.0
7.984 -2.237 -3.959 -4.557 -5.195 -5.98 40.0
7.985 -2.031 -3.846 -4.463 -5.159 -5.994 40.0
7.986 -1.812 -3.715 -4.37 -5.123 -6.004 40.0
7.987 -1.452 -3.48 -4.229 -5.07 -6.017 40.0
7.987 -1.233 -3.338 -4.134 -5.028 -6.018 40.0
7.988 -0.988 -3.177 -4.034 -4.984 -6.017 40.0
7.988 -0.725 -3.003 -3.93 -4.935 -6.012 40.0
7.989 -0.445 -2.817 -3.822 -4.882 -6.003 40.0
7.989 -0.124 -2.605 -3.701 -4.82 -5.987 40.0
7.99 0.261 -2.366 -3.564 -4.745 -5.959 40.0
7.991 0.874 -2.159 -3.403 -4.647 -5.907 40.0
7.992 1.538 -1.949 -3.225 -4.536 -5.847 40.0
7.994 2.62 -1.209 -2.812 -4.291 -5.763 40.0
8.0 3.157 -0.668 -2.517 -4.104 -5.706 40.0
8.006 3.52 -0.2 -2.246 -3.913 -5.65 40.0
8.009 3.563 -0.094 -2.22 -3.92 -5.719 40.0
8.009 3.569 -0.068 -2.217 -3.927 -5.745 40.0
8.009 3.572 -0.053 -2.216 -3.933 -5.761 40.0
8.011 3.574 -0.03 -2.219 -3.946 -5.792 40.0
8.011 3.577 0.016 -2.217 -3.962 -5.856 40.0
8.012 3.573 0.041 -2.22 -3.977 -5.903 40.0
8.012 3.567 0.071 -2.225 -3.996 -5.961 40.0
8.013 3.557 0.1 -2.225 -4.008 -6.019 40.0
8.014 3.548 0.119 -2.222 -4.012 -6.067 40.0
8.015 3.536 0.145 -2.217 -4.016 -6.129 40.0
8.016 3.519 0.173 -2.206 -4.014 -6.212 40.0
8.017 3.504 0.19 -2.188 -3.997 -6.285 40.0
8.019 3.49 0.206 -2.17 -3.98 -6.35 40.0
8.02 3.485 0.22 -2.141 -3.94 -6.406 40.0
8.021 3.475 0.227 -2.117 -3.904 -6.468 40.0
8.025 3.458 0.23 -2.075 -3.839 -6.561 40.0
8.032 3.459 0.245 -1.957 -3.668 -6.662 40.0
8.042 3.455 0.24 -1.941 -3.643 -6.679 40.0
8.043 3.449 0.234 -1.984 -3.704 -6.662 40.0
8.044 3.448 0.229 -2.023 -3.76 -6.632 40.0
8.045 3.446 0.224 -2.058 -3.811 -6.603 40.0
8.046 3.446 0.223 -2.059 -3.812 -6.603 40.0
8.048 3.446 0.227 -2.022 -3.757 -6.638 40.0
8.055 3.442 0.23 -1.98 -3.696 -6.679 40.0
8.056 3.441 0.229 -1.969 -3.679 -6.688 40.0
8.062 3.439 0.227 -1.974 -3.686 -6.689 40.0
8.065 3.443 0.23 -1.933 -3.627 -6.706 40.0
8.081 3.432 0.22 -1.948 -3.646 -6.716 40.0
8.113 3.407 0.201 -2.014 -3.736 -6.719 40.0
4.059 -1.408 -1.151 -0.274 -0.2 -0.082 50.0
4.2 -1.56 -1.29 -0.385 -0.308 -0.185 50.0
4.339 -1.703 -1.421 -0.492 -0.413 -0.285 50.0
4.4 -1.765 -1.478 -0.539 -0.458 -0.328 50.0
4.456 -1.821 -1.529 -0.581 -0.499 -0.367 50.0
4.6 -1.963 -1.66 -0.691 -0.606 -0.469 50.0
4.701 -2.061 -1.751 -0.767 -0.68 -0.541 50.0
4.8 -2.156 -1.839 -0.843 -0.754 -0.612 50.0
4.931 -2.28 -1.954 -0.942 -0.851 -0.705 50.0
5.0 -2.345 -2.015 -0.995 -0.903 -0.755 50.0
5.108 -2.446 -2.11 -1.077 -0.984 -0.833 50.0
5.2 -2.533 -2.192 -1.15 -1.055 -0.902 50.0
5.268 -2.596 -2.252 -1.203 -1.107 -0.953 50.0
5.4 -2.719 -2.369 -1.309 -1.212 -1.055 50.0
5.43 -2.747 -2.395 -1.334 -1.236 -1.078 50.0
5.578 -2.885 -2.527 -1.455 -1.356 -1.195 50.0
5.6 -2.905 -2.547 -1.473 -1.373 -1.213 50.0
5.619 -2.923 -2.564 -1.489 -1.389 -1.228 50.0
5.741 -3.038 -2.677 -1.595 -1.494 -1.332 50.0
5.8 -3.096 -2.733 -1.649 -1.547 -1.385 50.0
5.83 -3.125 -2.761 -1.675 -1.574 -1.411 50.0
5.946 -3.238 -2.873 -1.783 -1.681 -1.518 50.0
6.0 -3.292 -2.926 -1.836 -1.733 -1.57 50.0
6.053 -3.344 -2.978 -1.886 -1.784 -1.621 50.0
6.151 -3.443 -3.079 -1.988 -1.886 -1.723 50.0
6.2 -3.494 -3.13 -2.041 -1.939 -1.777 50.0
6.291 -3.59 -3.228 -2.142 -2.04 -1.88 50.0
6.387 -3.695 -3.337 -2.257 -2.157 -1.998 50.0
6.4 -3.708 -3.352 -2.273 -2.172 -2.014 50.0
6.416 -3.725 -3.369 -2.291 -2.191 -2.033 50.0
6.52 -3.843 -3.494 -2.429 -2.33 -2.176 50.0
6.604 -3.943 -3.602 -2.552 -2.455 -2.306 50.0
6.686 -4.041 -3.71 -2.678 -2.583 -2.439 50.0
6.755 -4.13 -3.811 -2.798 -2.705 -2.566 50.0
6.824 -4.227 -3.917 -2.92 -2.83 -2.696 50.0
6.848 -4.262 -3.954 -2.96 -2.87 -2.737 50.0
6.872 -4.3 -3.984 -2.974 -2.882 -2.746 50.0
6.887 -4.33 -3.998 -2.959 -2.863 -2.72 50.0
6.893 -4.349 -4.001 -2.932 -2.833 -2.681 50.0
6.895 -4.369 -4.006 -2.909 -2.807 -2.648 50.0
6.896 -4.395 -4.018 -2.897 -2.791 -2.625 50.0
6.897 -4.423 -4.036 -2.891 -2.783 -2.611 50.0
6.897 -4.425 -4.036 -2.89 -2.781 -2.609 50.0
6.898 -4.382 -4.002 -2.872 -2.766 -2.598 50.0
6.898 -4.348 -3.979 -2.87 -2.766 -2.603 50.0
6.898 -4.331 -3.974 -2.888 -2.787 -2.631 50.0
6.898 -4.337 -3.997 -2.942 -2.845 -2.697 50.0
6.899 -4.365 -4.042 -3.018 -2.925 -2.785 50.0
6.899 -4.405 -4.1 -3.107 -3.018 -2.888 50.0
6.899 -4.444 -4.158 -3.198 -3.114 -2.992 50.0
6.899 -4.477 -4.211 -3.285 -3.205 -3.092 50.0
6.9 -4.501 -4.255 -3.366 -3.29 -3.186 50.0
6.9 -4.518 -4.293 -3.442 -3.371 -3.276 50.0
6.9 -4.526 -4.324 -3.514 -3.447 -3.361 50.0
6.9 -4.527 -4.348 -3.582 -3.519 -3.442 50.0
6.901 -4.524 -4.368 -3.647 -3.589 -3.521 50.0
6.901 -4.516 -4.384 -3.709 -3.655 -3.597 50.0
6.901 -4.494 -4.393 -3.782 -3.734 -3.688 50.0
6.901 -4.468 -4.393 -3.837 -3.794 -3.757 50.0
6.901 -4.435 -4.384 -3.889 -3.852 -3.824 50.0
6.902 -4.394 -4.369 -3.939 -3.907 -3.889 50.0
6.902 -4.346 -4.345 -3.987 -3.959 -3.951 50.0
6.902 -4.29 -4.315 -4.032 -4.009 -4.01 50.0
6.902 -4.226 -4.277 -4.075 -4.057 -4.068 50.0
6.902 -4.135 -4.22 -4.125 -4.113 -4.137 50.0
6.902 -4.051 -4.168 -4.162 -4.155 -4.19 50.0
6.903 -3.961 -4.115 -4.194 -4.194 -4.241 50.0
6.903 -3.862 -4.059 -4.222 -4.23 -4.291 50.0
6.903 -3.754 -4.0 -4.246 -4.263 -4.339 50.0
6.903 -3.635 -3.937 -4.264 -4.292 -4.385 50.0
6.903 -3.504 -3.868 -4.276 -4.315 -4.428 50.0
6.903 -3.359 -3.795 -4.273 -4.33 -4.469 50.0
6.903 -3.211 -3.722 -4.259 -4.336 -4.506 50.0
6.903 -3.061 -3.653 -4.235 -4.336 -4.541 50.0
6.903 -2.914 -3.59 -4.199 -4.328 -4.573 50.0
6.904 -2.771 -3.533 -4.151 -4.313 -4.603 50.0
6.904 -2.633 -3.481 -4.093 -4.292 -4.632 50.0
6.904 -2.499 -3.435 -4.019 -4.266 -4.66 50.0
6.904 -2.358 -3.385 -3.939 -4.236 -4.686 50.0
6.904 -2.207 -3.33 -3.856 -4.202 -4.707 50.0
6.904 -2.036 -3.264 -3.767 -4.165 -4.726 50.0
6.904 -1.854 -3.192 -3.671 -4.123 -4.742 50.0
6.904 -1.65 -3.101 -3.565 -4.078 -4.756 50.0
6.904 -1.405 -2.978 -3.447 -4.028 -4.77 50.0
6.904 -1.138 -2.832 -3.32 -3.973 -4.779 50.0
6.904 -0.856 -2.667 -3.195 -3.916 -4.781 50.0
6.904 -0.541 -2.473 -3.064 -3.854 -4.778 50.0
6.904 -0.232 -2.273 -2.931 -3.788 -4.769 50.0
6.904 0.113 -2.05 -2.79 -3.716 -4.753 50.0
6.904 0.479 -1.812 -2.646 -3.638 -4.73 50.0
6.904 0.88 -1.553 -2.495 -3.551 -4.696 50.0
6.905 1.333 -1.288 -2.333 -3.453 -4.65 50.0
6.905 1.84 -1.091 -2.171 -3.344 -4.58 50.0
6.905 2.298 -0.913 -2.01 -3.229 -4.501 50.0
6.905 2.708 -0.731 -1.854 -3.119 -4.43 50.0
6.905 2.973 -0.561 -1.75 -3.051 -4.397 50.0
6.905 3.185 -0.429 -1.693 -3.03 -4.413 50.0
6.905 3.435 -0.279 -1.661 -3.052 -4.491 50.0
6.905 3.583 -0.193 -1.665 -3.097 -4.578 50.0
6.905 3.672 -0.128 -1.678 -3.142 -4.659 50.0
6.905 3.745 -0.073 -1.694 -3.189 -4.738 50.0
6.905 3.785 -0.034 -1.706 -3.221 -4.795 50.0
6.905 3.803 -0.014 -1.717 -3.245 -4.834 50.0
6.905 3.84 0.03 -1.738 -3.293 -4.913 50.0
6.905 3.847 0.039 -1.743 -3.304 -4.93 50.0
6.906 3.871 0.083 -1.762 -3.348 -5.007 50.0
6.906 3.891 0.135 -1.78 -3.394 -5.091 50.0
6.906 3.912 0.186 -1.798 -3.44 -5.176 50.0
6.907 3.913 0.229 -1.816 -3.483 -5.262 50.0
6.907 3.908 0.268 -1.837 -3.528 -5.35 50.0
6.908 3.9 0.3 -1.857 -3.569 -5.43 50.0
6.909 3.886 0.32 -1.875 -3.602 -5.503 50.0
6.911 3.869 0.342 -1.895 -3.638 -5.582 50.0
6.917 3.869 0.322 -1.895 -3.631 -5.552 50.0
6.929 3.873 0.284 -1.889 -3.608 -5.48 50.0
6.937 3.875 0.244 -1.879 -3.578 -5.407 50.0
6.945 3.874 0.201 -1.867 -3.543 -5.333 50.0
6.953 3.871 0.154 -1.853 -3.504 -5.249 50.0
6.96 3.852 0.105 -1.84 -3.467 -5.176 50.0
6.97 3.821 0.039 -1.828 -3.423 -5.087 50.0
6.982 3.772 -0.039 -1.826 -3.388 -5.01 50.0
7.0 3.663 -0.164 -1.861 -3.386 -4.959 50.0
7.003 3.645 -0.185 -1.867 -3.385 -4.951 50.0
7.015 3.559 -0.267 -1.903 -3.402 -4.943 50.0
7.025 3.386 -0.434 -2.013 -3.487 -4.995 50.0
7.034 3.132 -0.661 -2.167 -3.608 -5.072 50.0
7.037 2.886 -0.867 -2.307 -3.717 -5.143 50.0
7.038 2.691 -1.016 -2.406 -3.791 -5.189 50.0
7.038 2.579 -1.098 -2.456 -3.826 -5.208 50.0
7.038 2.514 -1.145 -2.484 -3.845 -5.218 50.0
7.039 2.447 -1.192 -2.513 -3.864 -5.227 50.0
7.039 2.391 -1.231 -2.537 -3.88 -5.235 50.0
7.039 2.337 -1.266 -2.558 -3.894 -5.242 50.0
7.039 2.258 -1.316 -2.587 -3.912 -5.251 50.0
7.039 2.143 -1.389 -2.629 -3.938 -5.261 50.0
7.04 2.014 -1.46 -2.673 -3.965 -5.273 50.0
7.04 1.837 -1.515 -2.721 -3.993 -5.286 50.0
7.04 1.637 -1.574 -2.773 -4.023 -5.3 50.0
7.04 1.392 -1.647 -2.833 -4.059 -5.315 50.0
7.04 1.103 -1.738 -2.904 -4.097 -5.331 50.0
7.041 0.781 -1.847 -2.983 -4.139 -5.347 50.0
7.041 0.473 -2.023 -3.081 -4.19 -5.362 50.0
7.042 0.158 -2.225 -3.194 -4.248 -5.377 50.0
7.042 -0.174 -2.443 -3.319 -4.313 -5.392 50.0
7.043 -0.519 -2.671 -3.459 -4.384 -5.407 50.0
7.044 -0.923 -2.936 -3.633 -4.469 -5.42 50.0
7.045 -1.545 -3.324 -3.895 -4.58 -5.409 50.0
7.047 -2.141 -3.632 -4.167 -4.681 -5.358 50.0
7.048 -2.491 -3.774 -4.344 -4.747 -5.313 50.0
7.05 -2.745 -3.865 -4.471 -4.792 -5.272 50.0
7.052 -2.941 -3.932 -4.575 -4.828 -5.232 50.0
7.054 -3.12 -3.994 -4.664 -4.857 -5.191 50.0
7.057 -3.292 -4.058 -4.728 -4.876 -5.153 50.0
7.059 -3.449 -4.122 -4.772 -4.888 -5.118 50.0
7.062 -3.638 -4.205 -4.809 -4.892 -5.076 50.0
7.067 -3.777 -4.273 -4.825 -4.89 -5.045 50.0
7.073 -3.891 -4.332 -4.834 -4.887 -5.023 50.0
7.078 -3.851 -4.316 -4.84 -4.897 -5.042 50.0
7.087 -3.766 -4.281 -4.849 -4.918 -5.081 50.0
7.094 -3.697 -4.255 -4.853 -4.933 -5.113 50.0
7.104 -3.602 -4.221 -4.854 -4.952 -5.158 50.0
7.113 -3.526 -4.197 -4.85 -4.965 -5.193 50.0
7.119 -3.456 -4.173 -4.842 -4.971 -5.221 50.0
7.123 -3.401 -4.156 -4.831 -4.973 -5.242 50.0
7.127 -3.331 -4.133 -4.815 -4.974 -5.266 50.0
7.13 -3.272 -4.114 -4.798 -4.973 -5.287 50.0
7.132 -3.223 -4.099 -4.781 -4.971 -5.303 50.0
7.134 -3.167 -4.082 -4.757 -4.966 -5.322 50.0
7.136 -3.114 -4.066 -4.734 -4.961 -5.338 50.0
7.138 -3.062 -4.051 -4.71 -4.956 -5.354 50.0
7.139 -3.025 -4.043 -4.696 -4.956 -5.371 50.0
7.14 -2.995 -4.037 -4.684 -4.958 -5.386 50.0
7.141 -3.105 -4.077 -4.743 -4.98 -5.367 50.0
7.142 -3.12 -4.083 -4.75 -4.982 -5.364 50.0
7.142 -3.125 -4.085 -4.753 -4.984 -5.364 50.0
7.142 -3.132 -4.087 -4.757 -4.985 -5.362 50.0
7.142 -3.139 -4.089 -4.76 -4.985 -5.359 50.0
7.142 -3.145 -4.09 -4.762 -4.985 -5.357 50.0
7.142 -3.151 -4.092 -4.764 -4.985 -5.354 50.0
7.142 -3.157 -4.093 -4.766 -4.985 -5.351 50.0
7.142 -3.162 -4.093 -4.767 -4.984 -5.348 50.0
7.142 -3.166 -4.094 -4.768 -4.983 -5.344 50.0
7.143 -3.168 -4.092 -4.767 -4.98 -5.34 50.0
7.143 -3.15 -4.084 -4.756 -4.974 -5.339 50.0
7.145 -3.083 -4.064 -4.726 -4.968 -5.361 50.0
7.149 -2.967 -4.03 -4.67 -4.955 -5.396 50.0
7.152 -2.821 -3.983 -4.597 -4.934 -5.431 50.0
7.155 -2.646 -3.923 -4.513 -4.909 -5.466 50.0
7.158 -2.481 -3.864 -4.428 -4.879 -5.495 50.0
7.159 -2.328 -3.801 -4.354 -4.854 -5.516 50.0
7.161 -2.075 -3.681 -4.242 -4.816 -5.545 50.0
7.163 -1.815 -3.546 -4.119 -4.77 -5.569 50.0
7.164 -1.585 -3.416 -4.018 -4.732 -5.582 50.0
7.165 -1.317 -3.251 -3.908 -4.689 -5.593 50.0
7.166 -1.035 -3.069 -3.793 -4.642 -5.6 50.0
7.167 -0.785 -2.907 -3.689 -4.595 -5.6 50.0
7.168 -0.525 -2.737 -3.586 -4.547 -5.597 50.0
7.169 -0.214 -2.532 -3.465 -4.489 -5.588 50.0
7.169 0.023 -2.376 -3.376 -4.444 -5.578 50.0
7.17 0.225 -2.245 -3.301 -4.405 -5.567 50.0
7.17 0.435 -2.109 -3.226 -4.365 -5.555 50.0
7.171 0.681 -1.987 -3.153 -4.325 -5.54 50.0
7.171 0.99 -1.881 -3.073 -4.279 -5.518 50.0
7.172 1.39 -1.754 -2.969 -4.218 -5.487 50.0
7.173 1.904 -1.595 -2.831 -4.132 -5.444 50.0
7.174 2.309 -1.343 -2.681 -4.038 -5.401 50.0
7.175 2.867 -0.929 -2.441 -3.882 -5.332 50.0
7.187 3.665 -0.122 -2.003 -3.605 -5.26 50.0
7.19 3.738 -0.005 -1.978 -3.616 -5.329 50.0
7.19 3.753 0.024 -1.976 -3.625 -5.354 50.0
7.19 3.755 0.028 -1.977 -3.627 -5.359 50.0
7.191 3.76 0.042 -1.98 -3.638 -5.379 50.0
7.191 3.763 0.056 -1.982 -3.646 -5.399 50.0
7.191 3.764 0.064 -1.984 -3.653 -5.413 50.0
7.191 3.764 0.074 -1.987 -3.661 -5.431 50.0
7.192 3.765 0.085 -1.991 -3.67 -5.451 50.0
7.192 3.765 0.095 -1.993 -3.677 -5.466 50.0
7.192 3.767 0.106 -1.994 -3.683 -5.482 50.0
7.192 3.769 0.118 -1.995 -3.69 -5.498 50.0
7.193 3.77 0.129 -1.996 -3.696 -5.512 50.0
7.193 3.772 0.14 -1.996 -3.7 -5.525 50.0
7.193 3.774 0.15 -1.996 -3.705 -5.538 50.0
7.194 3.775 0.16 -1.997 -3.71 -5.551 50.0
7.195 3.775 0.19 -2.001 -3.727 -5.6 50.0
7.197 3.765 0.267 -2.01 -3.771 -5.742 50.0
7.2 3.744 0.307 -2.015 -3.793 -5.855 50.0
7.201 3.741 0.307 -2.016 -3.796 -5.863 50.0
7.201 3.74 0.306 -2.018 -3.797 -5.864 50.0
7.201 3.74 0.304 -2.019 -3.798 -5.862 50.0
7.202 3.737 0.308 -2.019 -3.8 -5.875 50.0
7.202 3.732 0.319 -2.017 -3.801 -5.9 50.0
7.204 3.718 0.343 -2.014 -3.808 -5.966 50.0
7.205 3.715 0.346 -2.013 -3.807 -5.979 50.0
7.207 3.706 0.353 -2.006 -3.801 -6.018 50.0
7.208 3.7 0.359 -2.0 -3.795 -6.044 50.0
7.213 3.671 0.378 -1.982 -3.779 -6.155 50.0
7.225 3.601 0.353 -1.984 -3.767 -6.348 50.0
